2 0.57744 0.481392 0.0553341 0.0968307 0.96166
1 0.785781 0.531711 0.0409045 0.0724282 0.881892
2 0.228609 0.498739 0.0546102 0.0960419 0.829475
2 0.405725 0.518757 0.0315123 0.0568363 0.785851
2 0.466242 0.510941 0.0338897 0.0640824 0.763564
1 0.50639 0.504453 0.0442644 0.0814646 0.739598
1 0.709889 0.5416 0.0336664 0.05301 0.728371
1 0.852408 0.530536 0.0390995 0.0786445 0.69556
2 0.300022 0.522784 0.0322289 0.0730375 0.544774
1 0.193285 0.513453 0.0318465 0.0620966 0.530093
2 0.677574 0.545484 0.0320865 0.0643437 0.334946
1 0.329738 0.52012 0.0435549 0.0864747 0.276108
