2 0.821175 0.374945 0.0680769 0.12054 0.983214
2 0.962156 0.405585 0.0691734 0.123705 0.96111
2 0.612317 0.356177 0.0572594 0.0969515 0.950659
1 0.731891 0.416547 0.0599522 0.111502 0.948876
2 0.339784 0.408163 0.0596673 0.10316 0.93275
2 0.532175 0.369879 0.0709938 0.118744 0.930996
1 0.0973645 0.365603 0.0796202 0.1301 0.884922
2 0.902724 0.399606 0.0550831 0.0925267 0.854688
1 0.457302 0.392323 0.0602236 0.101824 0.818184
2 0.287223 0.404863 0.0399069 0.0744425 0.791745
2 0.0217442 0.3863 0.0434883 0.114063 0.789872
2 0.244057 0.417791 0.0470567 0.0834586 0.782303
1 0.407361 0.410629 0.0350742 0.0636488 0.700064
1 0.244519 0.416747 0.0508452 0.0854922 0.599192
2 0.9927 0.416117 0.0146 0.148522 0.261627
