1 0.205376 0.315392 0.0678454 0.106614 0.943329
1 0.71591 0.249209 0.115491 0.197283 0.940817
1 0.447477 0.366791 0.0734515 0.118231 0.923813
1 0.573451 0.326284 0.0630758 0.116113 0.910018
1 0.897937 0.229885 0.204127 0.307327 0.895277
1 0.20653 0.418416 0.105734 0.135447 0.856834
1 0.309656 0.279211 0.0589834 0.0895499 0.849173
1 0.204596 0.586707 0.159436 0.240055 0.834889
1 0.467696 0.287947 0.0503498 0.0937018 0.823782
1 0.339252 0.280061 0.0278887 0.0539805 0.610801
1 0.611117 0.268097 0.0290831 0.055523 0.559735
1 0.631845 0.275739 0.0278051 0.0465996 0.49001
1 0.429567 0.314848 0.0618205 0.117062 0.366402
