2 0.707833 0.445242 0.0530897 0.0991778 0.971598
2 0.246078 0.462743 0.0485345 0.0940255 0.961791
2 0.920196 0.469231 0.0531937 0.0989279 0.945387
2 0.819328 0.454852 0.0492753 0.0910864 0.944947
2 0.15744 0.484993 0.047443 0.0865747 0.940804
2 0.447896 0.483196 0.0454126 0.0844961 0.903699
2 0.324156 0.515509 0.0453377 0.083848 0.898661
2 0.609033 0.455884 0.046858 0.090428 0.897409
2 0.0834161 0.504272 0.0442072 0.0827372 0.896214
2 0.378714 0.473197 0.0484153 0.124091 0.858639
2 0.52908 0.478678 0.0475565 0.0891776 0.782299
