2 0.97196 0.437212 0.0527164 0.120214 0.955944
2 0.871301 0.485567 0.0778727 0.129017 0.951652
2 0.657041 0.387401 0.0397322 0.0728621 0.946987
2 0.0967141 0.477298 0.0683963 0.124924 0.944215
2 0.435545 0.407182 0.0469374 0.0919153 0.944135
2 0.599856 0.397767 0.0435552 0.0719027 0.932142
2 0.711112 0.583055 0.0968236 0.164318 0.921597
2 0.522269 0.403592 0.0448816 0.0840969 0.860315
2 0.918673 0.467378 0.0502167 0.10533 0.85718
2 0.313093 0.440565 0.0494525 0.100541 0.820011
2 0.844607 0.484607 0.0327892 0.121031 0.363902
