2 0.713428 0.382654 0.0612024 0.0979834 0.966805
2 0.398495 0.440623 0.0421594 0.0754009 0.965254
1 0.940161 0.35878 0.0691483 0.131097 0.95304
2 0.615283 0.437182 0.0583372 0.102876 0.947759
2 0.355129 0.438387 0.0448192 0.0784955 0.937453
2 0.469626 0.435612 0.0484081 0.0938585 0.935319
2 0.305521 0.451941 0.037446 0.0705576 0.932496
2 0.816946 0.386257 0.0824675 0.151294 0.880656
2 0.196719 0.444801 0.0419631 0.0713072 0.869695
2 0.262383 0.44408 0.0439009 0.0585743 0.710137
2 0.338229 0.451324 0.0188936 0.0599105 0.269886
