1 0.150836 0.539092 0.0443718 0.0776303 0.956829
1 0.434147 0.518223 0.0344849 0.0707994 0.904317
1 0.364606 0.50928 0.0364011 0.0702372 0.901989
1 0.555321 0.5187 0.0370453 0.0729102 0.888114
1 0.224584 0.527463 0.0420234 0.0793862 0.885687
1 0.292618 0.480953 0.0395398 0.0776771 0.874937
1 0.681046 0.526673 0.0394834 0.0803978 0.867747
1 0.847075 0.512288 0.0388771 0.071629 0.866298
1 0.494007 0.515794 0.0381435 0.0757269 0.831772
1 0.787914 0.513596 0.0380913 0.0793566 0.799335
1 0.619131 0.505254 0.0364265 0.0779743 0.776162
1 0.735697 0.541098 0.0393442 0.070841 0.749994
