2 0.726801 0.670093 0.0428754 0.0763804 0.972976
2 0.6493 0.664421 0.0435585 0.0772795 0.946937
2 0.318945 0.629254 0.0437525 0.0729427 0.94276
2 0.500423 0.857711 0.109955 0.188636 0.930766
2 0.907318 0.711894 0.065642 0.110337 0.926165
2 0.960797 0.687232 0.0612823 0.0979528 0.91091
2 0.419629 0.625906 0.0400059 0.0705449 0.870754
2 0.208564 0.646575 0.0450926 0.0725264 0.8561
2 0.767649 0.639958 0.036136 0.0667542 0.833976
2 0.0635987 0.683179 0.0678428 0.0955936 0.817697
2 0.565871 0.676051 0.0500899 0.0915817 0.679784
2 0.490583 0.603549 0.0328955 0.0553717 0.659946
2 0.694128 0.774449 0.0779472 0.135965 0.504345
2 0.274548 0.716256 0.068764 0.101539 0.347511
2 0.460312 0.685983 0.0595174 0.0922981 0.2501
