1 0.58523 0.375554 0.115865 0.147995 0.950908
1 0.900635 0.132152 0.114874 0.174155 0.901317
1 0.0474489 0.339651 0.0864898 0.135718 0.901058
1 0.234581 0.0833934 0.0862892 0.123823 0.857199
1 0.472531 0.579874 0.0724651 0.11444 0.847961
1 0.134542 0.185586 0.0794853 0.144378 0.839294
1 0.16818 0.706198 0.0964754 0.134252 0.769062
1 0.506067 0.130701 0.119761 0.135762 0.74755
1 0.371834 0.0979499 0.073772 0.110782 0.665729
1 0.281461 0.485868 0.089855 0.124006 0.634589
1 0.151343 0.886969 0.119674 0.179998 0.52112
1 0.342259 0.624408 0.0776867 0.119623 0.511238
1 0.405426 0.356768 0.0567932 0.0937257 0.356357
