2 0.273764 0.569784 0.0289356 0.0723098 0.952357
2 0.207634 0.587988 0.0297049 0.0738131 0.863443
1 0.639976 0.610404 0.0356024 0.0777965 0.769879
2 0.327883 0.575716 0.0275719 0.066783 0.739709
2 0.236759 0.554921 0.0272999 0.0675133 0.623717
1 0.589578 0.624982 0.0344614 0.0686422 0.459871
1 0.381986 0.594189 0.0276736 0.0693324 0.450408
2 0.59007 0.624865 0.0357717 0.0709468 0.450176
1 0.485446 0.588752 0.0261637 0.0598836 0.440683
1 0.425768 0.567949 0.0285447 0.0625655 0.42409
1 0.473729 0.67838 0.0337702 0.0668727 0.400289
2 0.373031 0.575421 0.020734 0.0371569 0.395495
1 0.711017 0.61348 0.0278637 0.0636027 0.3916
2 0.485746 0.591738 0.0286797 0.063328 0.290952
2 0.537087 0.611693 0.0271177 0.0659044 0.289943
2 0.382095 0.593451 0.0284788 0.0719012 0.286743
