1 0.432828 0.224481 0.0331184 0.0832815 0.938314
1 0.361335 0.233013 0.0322576 0.0799629 0.917406
2 0.68698 0.2429 0.0339378 0.0812789 0.835854
2 0.290619 0.269689 0.0353314 0.0802791 0.739729
1 0.184366 0.351678 0.0371171 0.0908801 0.733923
1 0.0571988 0.353555 0.0436059 0.0779531 0.72591
2 0.624603 0.342828 0.0286973 0.071342 0.648954
1 0.500447 0.230726 0.0352961 0.086119 0.609339
2 0.500398 0.231156 0.035226 0.085514 0.558694
1 0.261287 0.374998 0.0325199 0.0705593 0.556423
1 0.233635 0.243271 0.0489265 0.0698188 0.554261
1 0.126853 0.320648 0.0332405 0.0769239 0.541216
2 0.78549 0.347107 0.0438691 0.088777 0.518275
1 0.756808 0.27635 0.029582 0.078909 0.507102
2 0.435862 0.372354 0.0312336 0.0700277 0.505961
1 0.504898 0.360166 0.0334705 0.0731328 0.458547
2 0.590425 0.248103 0.0333414 0.0724738 0.401451
1 0.30263 0.359469 0.0342985 0.0771793 0.398016
1 0.623604 0.22974 0.0270605 0.0532235 0.391044
1 0.25694 0.35112 0.0234888 0.0560313 0.381845
1 0.216248 0.324951 0.0347796 0.0831379 0.381783
2 0.378902 0.337248 0.0411113 0.0901493 0.37985
1 0.378549 0.336904 0.0410285 0.0894117 0.361686
1 0.375423 0.215207 0.0353207 0.0595213 0.343736
2 0.756518 0.276786 0.0294434 0.0779011 0.295015
1 0.850622 0.360276 0.0304176 0.0722762 0.261553
