1 0.83046875 0.865625 0.1640625 0.2203125
1 0.20625 0.6375 0.0984375 0.1625
1 0.340625 0.609375 0.065625 0.1453125
1 0.659375 0.603125 0.0625 0.10625
1 0.4765625 0.53984375 0.05625 0.1171875
1 0.725 0.5734375 0.065625 0.084375
1 0.1109375 0.41484375 0.04375 0.0484375
1 0.278125 0.415625 0.0390625 0.06875
1 0.553125 0.578125 0.0546875 0.075
1 0.678125 0.7 0.1109375 0.1625
1 0.51953125 0.5265625 0.0578125 0.071875
1 0.18203125 0.40703125 0.0359375 0.0390625
1 0.365625 0.37578125 0.021875 0.0421875