1 0.725 0.4265625 0.0484375 0.096875
1 0.1671875 0.41171875 0.053125 0.0984375
1 0.44375 0.396875 0.046875 0.0859375
1 0.29453125 0.4234375 0.0359375 0.071875
1 0.371875 0.41484375 0.04375 0.0828125
1 0.50625 0.4125 0.040625 0.0859375
1 0.025 0.32890625 0.046875 0.2078125
1 0.5546875 0.4421875 0.040625 0.071875
1 0.475 0.41875 0.034375 0.075
1 0.634375 0.4453125 0.04375 0.075
1 0.590625 0.4640625 0.0390625 0.075
1 0.690625 0.446875 0.0390625 0.071875
1 0.7796875 0.45703125 0.05 0.0828125
1 0.78984375 0.4109375 0.0421875 0.0671875
1 0.878125 0.4015625 0.0484375 0.0859375