1 0.97109375 0.60390625 0.0578125 0.1359375
1 0.925 0.6234375 0.059375 0.1
1 0.534375 0.5171875 0.059375 0.0859375
2 0.13046875 0.640625 0.0953125 0.1375
2 0.2125 0.58125 0.0890625 0.1125
2 0.378125 0.6109375 0.078125 0.11875
2 0.496875 0.6265625 0.075 0.1125
2 0.596875 0.571875 0.0625 0.0875
2 0.5734375 0.53203125 0.0390625 0.0578125
2 0.69375 0.5640625 0.0484375 0.0828125
2 0.81875 0.6265625 0.1 0.1375
2 0.7625 0.590625 0.059375 0.0859375
2 0.775 0.528125 0.0484375 0.0765625
2 0.91796875 0.56796875 0.0453125 0.0578125
2 0.8734375 0.5640625 0.0484375 0.0703125