1 0.3 0.659375 0.0828125 0.15625
1 0.609375 0.678125 0.059375 0.134375
1 0.65625 0.584375 0.05625 0.1140625
1 0.38046875 0.52265625 0.0515625 0.1109375
1 0.809375 0.76015625 0.05 0.1109375
1 0.33828125 0.43671875 0.0328125 0.0890625
1 0.415625 0.43125 0.03125 0.078125
1 0.45703125 0.4796875 0.0421875 0.09375
1 0.509375 0.5234375 0.046875 0.1078125
1 0.796875 0.5 0.0390625 0.096875
1 0.8640625 0.51484375 0.0375 0.0890625
1 0.9359375 0.4796875 0.034375 0.0859375
1 0.6984375 0.4515625 0.028125 0.08125
1 0.9796875 0.5109375 0.03125 0.075
1 0.7796875 0.3859375 0.025 0.0640625
1 0.8125 0.396875 0.0234375 0.059375
1 0.6578125 0.434375 0.025 0.059375