2 0.85234375 0.2609375 0.0640625 0.1
2 0.678125 0.275 0.05 0.0953125
2 0.121875 0.3078125 0.053125 0.096875
2 0.59140625 0.303125 0.0578125 0.0875
2 0.021875 0.35625 0.040625 0.084375
2 0.190625 0.309375 0.0390625 0.0734375
2 0.2703125 0.28125 0.0484375 0.08125
2 0.36015625 0.3125 0.0421875 0.075
2 0.4515625 0.278125 0.0484375 0.078125
2 0.51484375 0.2984375 0.0359375 0.0671875
2 0.6296875 0.3 0.034375 0.0578125
2 0.7296875 0.296875 0.034375 0.0640625
2 0.771875 0.26875 0.0390625 0.0625
2 0.9359375 0.334375 0.04375 0.0609375