2 0.8265625 0.30625 0.06875 0.1015625
2 0.13125 0.378125 0.046875 0.0875
2 0.18125 0.37421875 0.0390625 0.0609375
2 0.20625 0.39375 0.028125 0.05
2 0.234375 0.403125 0.025 0.05
2 0.27734375 0.39296875 0.0296875 0.0453125
2 0.359375 0.390625 0.0390625 0.0484375
2 0.4046875 0.375 0.0390625 0.05625
2 0.475 0.359375 0.034375 0.05
2 0.5453125 0.3609375 0.0328125 0.053125
2 0.6 0.33125 0.046875 0.0671875
2 0.64375 0.33203125 0.0515625 0.0765625
2 0.771875 0.3421875 0.0484375 0.075
2 0.715625 0.390625 0.028125 0.05625