2 0.13125 0.41640625 0.065625 0.1078125
2 0.3890625 0.4078125 0.065625 0.1015625
2 0.571875 0.43046875 0.04375 0.0890625
2 0.721875 0.38125 0.059375 0.1
2 0.5 0.42890625 0.046875 0.0890625
2 0.028125 0.46796875 0.0546875 0.0890625
2 0.234375 0.4171875 0.040625 0.084375
2 0.3140625 0.4375 0.0390625 0.08125
2 0.60625 0.421875 0.0390625 0.0953125
2 0.6328125 0.4203125 0.021875 0.0609375
2 0.6578125 0.44375 0.0328125 0.0609375
2 0.803125 0.4078125 0.040625 0.0859375
2 0.9015625 0.39765625 0.0484375 0.0921875