2 0.2546875 0.33125 0.06875 0.128125
2 0.48828125 0.23515625 0.0859375 0.1703125
2 0.7328125 0.25390625 0.0890625 0.1671875
2 0.12109375 0.2734375 0.1140625 0.1953125
2 0.86953125 0.246875 0.1140625 0.225
2 0.37578125 0.3234375 0.0578125 0.11875
2 0.328125 0.3046875 0.05 0.115625
2 0.66484375 0.296875 0.0578125 0.1125
2 0.553125 0.29375 0.0515625 0.1
2 0.9859375 0.259375 0.021875 0.121875
2 0.5953125 0.3328125 0.0390625 0.10625
2 0.971875 0.3109375 0.028125 0.0828125
2 0.796875 0.3265625 0.0671875 0.1125