2 0.2484375 0.29296875 0.1109375 0.1828125
2 0.5203125 0.21015625 0.096875 0.1984375
2 0.15625 0.2109375 0.084375 0.1296875
2 0.80625 0.1609375 0.1109375 0.2140625
2 0.4296875 0.21875 0.06875 0.1265625
2 0.259375 0.1796875 0.0609375 0.10625
2 0.584375 0.196875 0.040625 0.075
2 0.690625 0.2078125 0.0390625 0.084375
2 0.89609375 0.2109375 0.0296875 0.071875
2 0.94375 0.2328125 0.034375 0.06875
2 0.965625 0.2 0.0328125 0.0515625
2 0.64296875 0.2078125 0.0359375 0.05625
2 0.725 0.2125 0.0328125 0.0609375