3 0.039384765625 0.6139344262295081 0.02044921875 0.030560109289617488
3 0.074267578125 0.6236338797814208 0.024150390625 0.0364207650273224
3 0.113740234375 0.6389617486338798 0.022529296875 0.031010928961748632
3 0.191962890625 0.5954508196721312 0.019462890625 0.03866120218579235
3 0.283955078125 0.5826092896174864 0.019765625 0.03550546448087431
3 0.62470703125 0.7760245901639343 0.027763671875 0.043674863387978144
3 0.691494140625 0.7694945355191256 0.030810546875 0.044125683060109284
3 0.76560546875 0.7647540983606557 0.03080078125 0.04818306010928962
3 0.82529296875 0.7547267759562842 0.026123046875 0.03938524590163934
3 0.878466796875 0.7123360655737704 0.022890625 0.03576502732240437
3 0.94638671875 0.7650956284153004 0.037900390625 0.04209016393442623
3 0.90361328125 0.7689207650273224 0.028076171875 0.03622950819672131
3 0.933984375 0.802622950819672 0.041689453125 0.047390710382513655
3 0.912158203125 0.6167622950819672 0.02001953125 0.033934426229508194