3 0.079619140625 0.4897803806734992 0.158681640625 0.32612005856515375
3 0.220654296875 0.506705710102489 0.09755859375 0.20521229868228402
3 0.4437109375 0.5152855051244509 0.0888671875 0.18471449487554906
3 0.587529296875 0.5343191800878477 0.1114453125 0.22698389458272328
3 0.911025390625 0.5426939970717424 0.102744140625 0.1767789165446559
3 0.416220703125 0.8589165446559297 0.21525390625 0.28215226939970717
3 0.520849609375 0.402108345534407 0.07294921875 0.12988286969253293
3 0.690341796875 0.33202049780380677 0.057578125 0.10266471449487556
3 0.8086328125 0.30879941434846264 0.059794921875 0.10224011713030746
3 0.968193359375 0.39499267935578325 0.06361328125 0.13405563689604685
3 0.25357421875 0.32805270863836017 0.040634765625 0.07379209370424597
3 0.30240234375 0.39373352855051247 0.06818359375 0.06292825768667643
3 0.070830078125 0.2870424597364568 0.03787109375 0.058726207906295756
3 0.68671875 0.5788726207906296 0.089169921875 0.1445680819912152
3 0.796357421875 0.44688140556368966 0.113359375 0.1441142020497804
3 0.62826171875 0.4033674963396779 0.08130859375 0.1072913616398243
3 0.633984375 0.32366032210834556 0.0453125 0.06919472913616398
3 0.892890625 0.31800878477306 0.027412109375 0.05370424597364568
3 0.939072265625 0.3184333821376281 0.056015625 0.07964860907759883