3 0.84587890625 0.3111747430249633 0.0589453125 0.08869309838472834
3 0.52126953125 0.41419970631424374 0.031943359375 0.0639647577092511
3 0.57720703125 0.43810572687224675 0.01826171875 0.0362848751835536
3 0.553212890625 0.43559471365638763 0.02607421875 0.04803230543318649
3 0.65560546875 0.4586637298091043 0.024384765625 0.035447870778267256
3 0.612783203125 0.4500734214390602 0.025234375 0.03922173274596182
3 0.038056640625 0.6046989720998531 0.063955078125 0.14290748898678413
3 0.166416015625 0.6141703377386197 0.071826171875 0.12232011747430249
3 0.206630859375 0.5921879588839941 0.04501953125 0.09491923641703377
3 0.260908203125 0.5659324522760646 0.053876953125 0.08599118942731278
3 0.29236328125 0.5423935389133627 0.048759765625 0.07001468428781205
3 0.324013671875 0.5661527165932453 0.039248046875 0.0739647577092511
3 0.427607421875 0.5146989720998532 0.0272265625 0.0540381791483113
3 0.451884765625 0.5033920704845815 0.02353515625 0.04179148311306902
3 0.4378125 0.4321145374449339 0.020048828125 0.033259911894273124
3 0.36083984375 0.43710719530102793 0.01509765625 0.03160058737151248
3 0.309111328125 0.43741556534508075 0.01373046875 0.02600587371512482
3 0.170830078125 0.42983847283406756 0.0199609375 0.037826725403817915
3 0.05419921875 0.5153157121879589 0.04466796875 0.05942731277533039
3 0.109375 0.5194713656387665 0.02810546875 0.05942731277533039
3 0.14373046875 0.5390748898678415 0.049423828125 0.06337738619676946
3 0.16427734375 0.49477239353891334 0.027548828125 0.03908957415565345
3 0.204765625 0.4851248164464024 0.021611328125 0.03845814977973568
3 0.36353515625 0.5087812041116007 0.02185546875 0.035976505139500736
3 0.30587890625 0.4976798825256975 0.016904296875 0.02829662261380323
3 0.280283203125 0.49352422907488985 0.019521484375 0.02829662261380323
3 0.224970703125 0.4909397944199706 0.01650390625 0.033480176211453744
3 0.204560546875 0.4833627019089574 0.02533203125 0.045315712187958886
3 0.074892578125 0.49995594713656394 0.019833984375 0.045315712187958886
3 0.145380859375 0.49 0.02009765625 0.033685756240822325
3 0.1868359375 0.5390748898678415 0.035400390625 0.05508076358296622
3 0.216005859375 0.5404258443465492 0.03177734375 0.04740088105726872
3 0.241044921875 0.5190455212922174 0.029990234375 0.025403817914831133
3 0.333876953125 0.516769456681351 0.01814453125 0.033289280469897216
3 0.32525390625 0.49155653450807635 0.017451171875 0.038883994126284877
3 0.383466796875 0.5023494860499266 0.016904296875 0.03556534508076358
3 0.40533203125 0.4927019089574155 0.014404296875 0.034933920704845814
3 0.478779296875 0.4992364170337739 0.016455078125 0.04179148311306902