3 0.084140625 0.3757771260997067 0.0405078125 0.07149560117302052
3 0.135341796875 0.38491202346041054 0.041220703125 0.07042521994134898
3 0.195283203125 0.37513196480938416 0.056533203125 0.07450146627565983
3 0.265966796875 0.39233137829912024 0.03890625 0.07451612903225807
3 0.2418359375 0.3582404692082111 0.032177734375 0.06008797653958944
3 0.30392578125 0.34501466275659826 0.037470703125 0.06589442815249266
3 0.32849609375 0.39200879765395896 0.038017578125 0.06310850439882698
3 0.35634765625 0.34759530791788856 0.033447265625 0.07105571847507332
3 0.384921875 0.3766275659824047 0.034013671875 0.06461876832844575
3 0.42595703125 0.3853519061583578 0.045048828125 0.062683284457478
3 0.453037109375 0.36158357771260996 0.033466796875 0.0689149560117302
3 0.48970703125 0.3802932551319648 0.04216796875 0.06762463343108505
3 0.53138671875 0.3744868035190616 0.032587890625 0.07752199413489735
3 0.562109375 0.37598240469208216 0.03802734375 0.06590909090909092
3 0.597568359375 0.36329912023460414 0.034599609375 0.07236070381231671
3 0.63673828125 0.37307917888563047 0.03416015625 0.06826979472140762
3 0.666533203125 0.34221407624633426 0.03072265625 0.06460410557184751
3 0.69095703125 0.3983577712609971 0.0421875 0.06074780058651026
3 0.721171875 0.3495307917888563 0.026845703125 0.05341642228739003
3 0.741513671875 0.39480938416422284 0.03560546875 0.07300586510263929
3 0.782333984375 0.3780351906158358 0.03169921875 0.06526392961876833
3 0.821796875 0.38180351906158355 0.04263671875 0.07494134897360703
3 0.8814453125 0.37555718475073313 0.052314453125 0.06675953079178885